32760 23.33333
32761 23.33333
32762 25.61181
32763 25.61181
32764 0
32765 0
32766 0
32767 0
65521 23.33333
65523 23.33333
65525 25.61181
65527 25.61181
65529 0
65531 0
65533 0
65535 0
131041 23.33333
131043 23.33333
131045 23.33333
131047 23.33333
131049 25.61181
131051 25.61181
131053 25.61181
131055 25.61181
131057 0
131059 0
131061 0
131063 0
131065 0
131067 0
131069 0
131071 0
262081 23.33333
262083 23.33333
262085 23.33333
262087 23.33333
262089 23.33333
262091 23.33333
262093 23.33333
262095 23.33333
262097 25.61181
262099 25.61181
262101 25.61181
262103 25.61181
262105 25.61181
262107 25.61181
262109 25.61181
262111 25.61181
262113 0
262115 0
262117 0
262119 0
262121 0
262123 0
262125 0
262127 0
262129 0
262131 0
262133 0
262135 0
262137 0
262139 0
262141 0
262143 0
524161 23.33333
524163 23.33333
524165 23.33333
524167 23.33333
524169 23.33333
524171 23.33333
524173 23.33333
524175 23.33333
524177 23.33333
524179 23.33333
524181 23.33333
524183 23.33333
524185 23.33333
524187 23.33333
524189 23.33333
524191 23.33333
524193 25.61181
524195 25.61181
524197 25.61181
524199 25.61181
524201 25.61181
524203 25.61181
524205 25.61181
524207 25.61181
524209 25.61181
524211 25.61181
524213 25.61181
524215 25.61181
524217 25.61181
524219 25.61181
524221 25.61181
524223 25.61181
524225 0
524227 0
524229 0
524231 0
524233 0
524235 0
524237 0
524239 0
524241 0
524243 0
524245 0
524247 0
524249 0
524251 0
524253 0
524255 0
524257 0
524259 0
524261 0
524263 0
524265 0
524267 0
524269 0
524271 0
524273 0
524275 0
524277 0
524279 0
524281 0
524283 0
524285 0
524287 0
1048321 23.33333
1048323 23.33333
1048325 23.33333
1048327 23.33333
1048329 23.33333
1048331 23.33333
1048333 23.33333
1048335 23.33333
1048337 23.33333
1048339 23.33333
1048341 23.33333
1048343 23.33333
1048345 23.33333
1048347 23.33333
1048349 23.33333
1048351 23.33333
1048353 23.33333
1048355 23.33333
1048357 23.33333
1048359 23.33333
1048361 23.33333
1048363 23.33333
1048365 23.33333
1048367 23.33333
1048369 23.33333
1048371 23.33333
1048373 23.33333
1048375 23.33333
1048377 23.33333
1048379 23.33333
1048381 23.33333
1048385 25.61181
1048387 25.61181
1048389 25.61181
1048391 25.61181
1048393 25.61181
1048395 25.61181
1048397 25.61181
1048399 25.61181
1048401 25.61181
1048403 25.61181
1048405 25.61181
1048407 25.61181
1048409 25.61181
1048411 25.61181
1048413 25.61181
1048415 25.61181
1048417 25.61181
1048419 25.61181
1048421 25.61181
1048423 25.61181
1048425 25.61181
1048427 25.61181
1048429 25.61181
1048431 25.61181
1048433 25.61181
1048435 25.61181
1048437 25.61181
1048439 25.61181
1048441 25.61181
1048443 25.61181
1048445 25.61181
1048449 0
1048451 0
1048453 0
1048455 0
1048457 0
1048459 0
1048461 0
1048463 0
1048465 0
1048467 0
1048469 0
1048471 0
1048473 0
1048475 0
1048477 0
1048479 0
1048481 0
1048483 0
1048485 0
1048487 0
1048489 0
1048491 0
1048493 0
1048495 0
1048497 0
1048499 0
1048501 0
1048503 0
1048505 0
1048507 0
1048509 0
1048513 0
1048515 0
1048517 0
1048519 0
1048521 0
1048523 0
1048525 0
1048527 0
1048529 0
1048531 0
1048533 0
1048535 0
1048537 0
1048539 0
1048541 0
1048543 0
1048545 0
1048547 0
1048549 0
1048551 0
1048553 0
1048555 0
1048557 0
1048559 0
1048561 0
1048563 0
1048565 0
1048567 0
1048569 0
1048571 0
1048573 0
