1047936 10.61273
1047937 10.61273
1047938 10.61273
1047939 10.61273
1047940 10.61273
1047941 10.61273
1047942 10.61273
1047943 10.61273
1047944 10.61273
1047945 10.61273
1047946 10.61273
1047947 10.61273
1047948 10.61273
1047949 10.61273
1047950 10.61273
1047951 10.61273
1047952 10.61273
1047953 10.61273
1047954 10.61273
1047955 10.61273
1047956 10.61273
1047957 10.61273
1047958 10.61273
1047959 10.61273
1047960 10.61273
1047961 10.61273
1047962 10.61273
1047963 10.61273
1047964 10.61273
1047965 10.61273
1047966 10.61273
1047967 10.61273
1047968 10.61273
1047969 10.61273
1047970 10.61273
1047971 10.61273
1047972 10.61273
1047973 10.61273
1047974 10.61273
1047975 10.61273
1047976 10.61273
1047977 10.61273
1047978 10.61273
1047979 10.61273
1047980 10.61273
1047981 10.61273
1047982 10.61273
1047983 10.61273
1047984 10.61273
1047985 10.61273
1047986 10.61273
1047987 10.61273
1047988 10.61273
1047989 10.61273
1047990 10.61273
1047991 10.61273
1047992 10.61273
1047993 10.61273
1047994 10.61273
1047995 10.61273
1047996 10.61273
1047997 10.61273
1047998 10.61273
1047999 10.61273
1048000 12.48062
1048001 12.48062
1048002 12.48062
1048003 12.48062
1048004 12.48062
1048005 12.48062
1048006 12.48062
1048007 12.48062
1048008 12.48062
1048009 12.48062
1048010 12.48062
1048011 12.48062
1048012 12.48062
1048013 12.48062
1048014 12.48062
1048015 12.48062
1048016 12.48062
1048017 12.48062
1048018 12.48062
1048019 12.48062
1048020 12.48062
1048021 12.48062
1048022 12.48062
1048023 12.48062
1048024 12.48062
1048025 12.48062
1048026 12.48062
1048027 12.48062
1048028 12.48062
1048029 12.48062
1048030 12.48062
1048031 12.48062
1048032 12.48062
1048033 12.48062
1048034 12.48062
1048035 12.48062
1048036 12.48062
1048037 12.48062
1048038 12.48062
1048039 12.48062
1048040 12.48062
1048041 12.48062
1048042 12.48062
1048043 12.48062
1048044 12.48062
1048045 12.48062
1048046 12.48062
1048047 12.48062
1048048 12.48062
1048049 12.48062
1048050 12.48062
1048051 12.48062
1048052 12.48062
1048053 12.48062
1048054 12.48062
1048055 12.48062
1048056 12.48062
1048057 12.48062
1048058 12.48062
1048059 12.48062
1048060 12.48062
1048061 12.48062
1048062 12.48062
1048063 12.48062
1048256 2.301432
1048257 2.301432
1048258 2.301432
1048259 2.301432
1048260 2.301432
1048261 2.301432
1048262 2.301432
1048263 2.301432
1048264 2.301432
1048265 2.301432
1048266 2.301432
1048267 2.301432
1048268 2.301432
1048269 2.301432
1048270 2.301432
1048271 2.301432
1048272 2.301432
1048273 2.301432
1048274 2.301432
1048275 2.301432
1048276 2.301432
1048277 2.301432
1048278 2.301432
1048279 2.301432
1048280 2.301432
1048281 2.301432
1048282 2.301432
1048283 2.301432
1048284 2.301432
1048285 2.301432
1048286 2.301432
1048287 2.301432
1048288 2.301432
1048289 2.301432
1048290 2.301432
1048291 2.301432
1048292 2.301432
1048293 2.301432
1048294 2.301432
1048295 2.301432
1048296 2.301432
1048297 2.301432
1048298 2.301432
1048299 2.301432
1048300 2.301432
1048301 2.301432
1048302 2.301432
1048303 2.301432
1048304 2.301432
1048305 2.301432
1048306 2.301432
1048307 2.301432
1048308 2.301432
1048309 2.301432
1048310 2.301432
1048311 2.301432
1048312 2.301432
1048313 2.301432
1048314 2.301432
1048315 2.301432
1048316 2.301432
1048317 2.301432
1048318 2.301432
1048319 2.301432
1048320 23.33333
1048321 23.33333
1048322 23.33333
1048323 23.33333
1048324 23.33333
1048325 23.33333
1048326 23.33333
1048327 23.33333
1048328 23.33333
1048329 23.33333
1048330 23.33333
1048331 23.33333
1048332 23.33333
1048333 23.33333
1048334 23.33333
1048335 23.33333
1048336 23.33333
1048337 23.33333
1048338 23.33333
1048339 23.33333
1048340 23.33333
1048341 23.33333
1048342 23.33333
1048343 23.33333
1048344 23.33333
1048345 23.33333
1048346 23.33333
1048347 23.33333
1048348 23.33333
1048349 23.33333
1048350 23.33333
1048351 23.33333
1048352 23.33333
1048353 23.33333
1048354 23.33333
1048355 23.33333
1048356 23.33333
1048357 23.33333
1048358 23.33333
1048359 23.33333
1048360 23.33333
1048361 23.33333
1048362 23.33333
1048363 23.33333
1048364 23.33333
1048365 23.33333
1048366 23.33333
1048367 23.33333
1048368 23.33333
1048369 23.33333
1048370 23.33333
1048371 23.33333
1048372 23.33333
1048373 23.33333
1048374 23.33333
1048375 23.33333
1048376 23.33333
1048377 23.33333
1048378 23.33333
1048379 23.33333
1048380 23.33333
1048381 23.33333
1048382 23.33333
1048383 23.33333
1048384 25.61181
1048385 25.61181
1048386 25.61181
1048387 25.61181
1048388 25.61181
1048389 25.61181
1048390 25.61181
1048391 25.61181
1048392 25.61181
1048393 25.61181
1048394 25.61181
1048395 25.61181
1048396 25.61181
1048397 25.61181
1048398 25.61181
1048399 25.61181
1048400 25.61181
1048401 25.61181
1048402 25.61181
1048403 25.61181
1048404 25.61181
1048405 25.61181
1048406 25.61181
1048407 25.61181
1048408 25.61181
1048409 25.61181
1048410 25.61181
1048411 25.61181
1048412 25.61181
1048413 25.61181
1048414 25.61181
1048415 25.61181
1048416 25.61181
1048417 25.61181
1048418 25.61181
1048419 25.61181
1048420 25.61181
1048421 25.61181
1048422 25.61181
1048423 25.61181
1048424 25.61181
1048425 25.61181
1048426 25.61181
1048427 25.61181
1048428 25.61181
1048429 25.61181
1048430 25.61181
1048431 25.61181
1048432 25.61181
1048433 25.61181
1048434 25.61181
1048435 25.61181
1048436 25.61181
1048437 25.61181
1048438 25.61181
1048439 25.61181
1048440 25.61181
1048441 25.61181
1048442 25.61181
1048443 25.61181
1048444 25.61181
1048445 25.61181
1048446 25.61181
1048447 25.61181
1048448 0
1048449 0
1048450 0
1048451 0
1048452 0
1048453 0
1048454 0
1048455 0
1048456 0
1048457 0
1048458 0
1048459 0
1048460 0
1048461 0
1048462 0
1048463 0
1048464 0
1048465 0
1048466 0
1048467 0
1048468 0
1048469 0
1048470 0
1048471 0
1048472 0
1048473 0
1048474 0
1048475 0
1048476 0
1048477 0
1048478 0
1048479 0
1048480 0
1048481 0
1048482 0
1048483 0
1048484 0
1048485 0
1048486 0
1048487 0
1048488 0
1048489 0
1048490 0
1048491 0
1048492 0
1048493 0
1048494 0
1048495 0
1048496 0
1048497 0
1048498 0
1048499 0
1048500 0
1048501 0
1048502 0
1048503 0
1048504 0
1048505 0
1048506 0
1048507 0
1048508 0
1048509 0
1048510 0
1048511 0
1048512 0
1048513 0
1048514 0
1048515 0
1048516 0
1048517 0
1048518 0
1048519 0
1048520 0
1048521 0
1048522 0
1048523 0
1048524 0
1048525 0
1048526 0
1048527 0
1048528 0
1048529 0
1048530 0
1048531 0
1048532 0
1048533 0
1048534 0
1048535 0
1048536 0
1048537 0
1048538 0
1048539 0
1048540 0
1048541 0
1048542 0
1048543 0
1048544 0
1048545 0
1048546 0
1048547 0
1048548 0
1048549 0
1048550 0
1048551 0
1048552 0
1048553 0
1048554 0
1048555 0
1048556 0
1048557 0
1048558 0
1048559 0
1048560 0
1048561 0
1048562 0
1048563 0
1048564 0
1048565 0
1048566 0
1048567 0
1048568 0
1048569 0
1048570 0
1048571 0
1048572 0
1048573 0
1048574 0
1048575 0
