1048448 0
1048449 0
1048450 0
1048451 0
1048452 0
1048453 0
1048454 0
1048455 0
1048456 0
1048457 0
1048458 0
1048459 0
1048460 0
1048461 0
1048462 0
1048463 0
1048464 0
1048465 0
1048466 0
1048467 0
1048468 0
1048469 0
1048470 0
1048471 0
1048472 0
1048473 0
1048474 0
1048475 0
1048476 0
1048477 0
1048478 0
1048479 0
1048480 0
1048481 0
1048482 0
1048483 0
1048484 0
1048485 0
1048486 0
1048487 0
1048488 0
1048489 0
1048490 0
1048491 0
1048492 0
1048493 0
1048494 0
1048495 0
1048496 0
1048497 0
1048498 0
1048499 0
1048500 0
1048501 0
1048502 0
1048503 0
1048504 0
1048505 0
1048506 0
1048507 0
1048508 0
1048509 0
1048510 0
1048511 0
1048512 0
1048513 0
1048514 0
1048515 0
1048516 0
1048517 0
1048518 0
1048519 0
1048520 0
1048521 0
1048522 0
1048523 0
1048524 0
1048525 0
1048526 0
1048527 0
1048528 0
1048529 0
1048530 0
1048531 0
1048532 0
1048533 0
1048534 0
1048535 0
1048536 0
1048537 0
1048538 0
1048539 0
1048540 0
1048541 0
1048542 0
1048543 0
1048544 0
1048545 0
1048546 0
1048547 0
1048548 0
1048549 0
1048550 0
1048551 0
1048552 0
1048553 0
1048554 0
1048555 0
1048556 0
1048557 0
1048558 0
1048559 0
1048560 0
1048561 0
1048562 0
1048563 0
1048564 0
1048565 0
1048566 0
1048567 0
1048568 0
1048569 0
1048570 0
1048571 0
1048572 0
1048573 0
1048574 0
1048575 0
