32764 0
32765 0
32766 0
32767 0
65529 0
65531 0
65533 0
65535 0
131057 0
131059 0
131061 0
131063 0
131065 0
131067 0
131069 0
131071 0
262113 0
262115 0
262117 0
262119 0
262121 0
262123 0
262125 0
262127 0
262129 0
262131 0
262133 0
262135 0
262137 0
262139 0
262141 0
262143 0
524225 0
524227 0
524229 0
524231 0
524233 0
524235 0
524237 0
524239 0
524241 0
524243 0
524245 0
524247 0
524249 0
524251 0
524253 0
524255 0
524257 0
524259 0
524261 0
524263 0
524265 0
524267 0
524269 0
524271 0
524273 0
524275 0
524277 0
524279 0
524281 0
524283 0
524285 0
524287 0
1048449 0
1048451 0
1048453 0
1048455 0
1048457 0
1048459 0
1048461 0
1048463 0
1048465 0
1048467 0
1048469 0
1048471 0
1048473 0
1048475 0
1048477 0
1048479 0
1048481 0
1048483 0
1048485 0
1048487 0
1048489 0
1048491 0
1048493 0
1048495 0
1048497 0
1048499 0
1048501 0
1048503 0
1048505 0
1048507 0
1048509 0
1048511 0
1048513 0
1048515 0
1048517 0
1048519 0
1048521 0
1048523 0
1048525 0
1048527 0
1048529 0
1048531 0
1048533 0
1048535 0
1048537 0
1048539 0
1048541 0
1048543 0
1048545 0
1048547 0
1048549 0
1048551 0
1048553 0
1048555 0
1048557 0
1048559 0
1048561 0
1048563 0
1048565 0
1048567 0
1048569 0
1048571 0
1048573 0
1048575 0
